 entering data map model
 entering data map domain
 entering data map grid
 entering data map elemblk           1
 entering data map elemblk           2
 entering data map elemblk           3
 entering data map elemblk           4
 entering data map elemblk           5
 entering data map elemblk           6
 entering data map elemblk           7
 entering data map elemblk           8
 entering data map elemblk           9
 entering data map elemblk          10
 hooking pointers 
 done hooking pointers 
 calling diffusion_driver
 entering target region
 back from target region
 back from diffusion_driver
 back from update
           1           1   10010001.0000000     
           1           2   10020002.0000000     
           1           3   10030003.0000000     
           1           4   10040004.0000000     
           1           5   10050005.0000000     
           1           6   10060006.0000000     
           1           7   10070007.0000000     
           1           8   10080008.0000000     
           1           9   10090009.0000000     
           1          10   10100010.0000000     
           1          11   10110011.0000000     
           1          12   10120012.0000000     
           1          13   10130013.0000000     
           1          14   10140014.0000000     
           1          15   10150015.0000000     
           1          16   10160016.0000000     
           1          17   10170017.0000000     
           1          18   10180018.0000000     
           1          19   10190019.0000000     
           1          20   10200020.0000000     
           1          21   10210021.0000000     
           1          22   10220022.0000000     
           1          23   10230023.0000000     
           1          24   10240024.0000000     
           1          25   10250025.0000000     
           1          26   10260026.0000000     
           1          27   10270027.0000000     
           1          28   10280028.0000000     
           1          29   10290029.0000000     
           1          30   10300030.0000000     
           1          31   10310031.0000000     
           1          32   10320032.0000000     
           2           1   20010001.0000000     
           2           2   20020002.0000000     
           2           3   20030003.0000000     
           2           4   20040004.0000000     
           2           5   20050005.0000000     
           2           6   20060006.0000000     
           2           7   20070007.0000000     
           2           8   20080008.0000000     
           2           9   20090009.0000000     
           2          10   20100010.0000000     
           2          11   20110011.0000000     
           2          12   20120012.0000000     
           2          13   20130013.0000000     
           2          14   20140014.0000000     
           2          15   20150015.0000000     
           2          16   20160016.0000000     
           2          17   20170017.0000000     
           2          18   20180018.0000000     
           2          19   20190019.0000000     
           2          20   20200020.0000000     
           2          21   20210021.0000000     
           2          22   20220022.0000000     
           2          23   20230023.0000000     
           2          24   20240024.0000000     
           2          25   20250025.0000000     
           2          26   20260026.0000000     
           2          27   20270027.0000000     
           2          28   20280028.0000000     
           2          29   20290029.0000000     
           2          30   20300030.0000000     
           2          31   20310031.0000000     
           2          32   20320032.0000000     
           3           1   30010001.0000000     
           3           2   30020002.0000000     
           3           3   30030003.0000000     
           3           4   30040004.0000000     
           3           5   30050005.0000000     
           3           6   30060006.0000000     
           3           7   30070007.0000000     
           3           8   30080008.0000000     
           3           9   30090009.0000000     
           3          10   30100010.0000000     
           3          11   30110011.0000000     
           3          12   30120012.0000000     
           3          13   30130013.0000000     
           3          14   30140014.0000000     
           3          15   30150015.0000000     
           3          16   30160016.0000000     
           3          17   30170017.0000000     
           3          18   30180018.0000000     
           3          19   30190019.0000000     
           3          20   30200020.0000000     
           3          21   30210021.0000000     
           3          22   30220022.0000000     
           3          23   30230023.0000000     
           3          24   30240024.0000000     
           3          25   30250025.0000000     
           3          26   30260026.0000000     
           3          27   30270027.0000000     
           3          28   30280028.0000000     
           3          29   30290029.0000000     
           3          30   30300030.0000000     
           3          31   30310031.0000000     
           3          32   30320032.0000000     
           4           1   40010001.0000000     
           4           2   40020002.0000000     
           4           3   40030003.0000000     
           4           4   40040004.0000000     
           4           5   40050005.0000000     
           4           6   40060006.0000000     
           4           7   40070007.0000000     
           4           8   40080008.0000000     
           4           9   40090009.0000000     
           4          10   40100010.0000000     
           4          11   40110011.0000000     
           4          12   40120012.0000000     
           4          13   40130013.0000000     
           4          14   40140014.0000000     
           4          15   40150015.0000000     
           4          16   40160016.0000000     
           4          17   40170017.0000000     
           4          18   40180018.0000000     
           4          19   40190019.0000000     
           4          20   40200020.0000000     
           4          21   40210021.0000000     
           4          22   40220022.0000000     
           4          23   40230023.0000000     
           4          24   40240024.0000000     
           4          25   40250025.0000000     
           4          26   40260026.0000000     
           4          27   40270027.0000000     
           4          28   40280028.0000000     
           4          29   40290029.0000000     
           4          30   40300030.0000000     
           4          31   40310031.0000000     
           4          32   40320032.0000000     
           5           1   50010001.0000000     
           5           2   50020002.0000000     
           5           3   50030003.0000000     
           5           4   50040004.0000000     
           5           5   50050005.0000000     
           5           6   50060006.0000000     
           5           7   50070007.0000000     
           5           8   50080008.0000000     
           5           9   50090009.0000000     
           5          10   50100010.0000000     
           5          11   50110011.0000000     
           5          12   50120012.0000000     
           5          13   50130013.0000000     
           5          14   50140014.0000000     
           5          15   50150015.0000000     
           5          16   50160016.0000000     
           5          17   50170017.0000000     
           5          18   50180018.0000000     
           5          19   50190019.0000000     
           5          20   50200020.0000000     
           5          21   50210021.0000000     
           5          22   50220022.0000000     
           5          23   50230023.0000000     
           5          24   50240024.0000000     
           5          25   50250025.0000000     
           5          26   50260026.0000000     
           5          27   50270027.0000000     
           5          28   50280028.0000000     
           5          29   50290029.0000000     
           5          30   50300030.0000000     
           5          31   50310031.0000000     
           5          32   50320032.0000000     
           6           1   60010001.0000000     
           6           2   60020002.0000000     
           6           3   60030003.0000000     
           6           4   60040004.0000000     
           6           5   60050005.0000000     
           6           6   60060006.0000000     
           6           7   60070007.0000000     
           6           8   60080008.0000000     
           6           9   60090009.0000000     
           6          10   60100010.0000000     
           6          11   60110011.0000000     
           6          12   60120012.0000000     
           6          13   60130013.0000000     
           6          14   60140014.0000000     
           6          15   60150015.0000000     
           6          16   60160016.0000000     
           6          17   60170017.0000000     
           6          18   60180018.0000000     
           6          19   60190019.0000000     
           6          20   60200020.0000000     
           6          21   60210021.0000000     
           6          22   60220022.0000000     
           6          23   60230023.0000000     
           6          24   60240024.0000000     
           6          25   60250025.0000000     
           6          26   60260026.0000000     
           6          27   60270027.0000000     
           6          28   60280028.0000000     
           6          29   60290029.0000000     
           6          30   60300030.0000000     
           6          31   60310031.0000000     
           6          32   60320032.0000000     
           7           1   70010001.0000000     
           7           2   70020002.0000000     
           7           3   70030003.0000000     
           7           4   70040004.0000000     
           7           5   70050005.0000000     
           7           6   70060006.0000000     
           7           7   70070007.0000000     
           7           8   70080008.0000000     
           7           9   70090009.0000000     
           7          10   70100010.0000000     
           7          11   70110011.0000000     
           7          12   70120012.0000000     
           7          13   70130013.0000000     
           7          14   70140014.0000000     
           7          15   70150015.0000000     
           7          16   70160016.0000000     
           7          17   70170017.0000000     
           7          18   70180018.0000000     
           7          19   70190019.0000000     
           7          20   70200020.0000000     
           7          21   70210021.0000000     
           7          22   70220022.0000000     
           7          23   70230023.0000000     
           7          24   70240024.0000000     
           7          25   70250025.0000000     
           7          26   70260026.0000000     
           7          27   70270027.0000000     
           7          28   70280028.0000000     
           7          29   70290029.0000000     
           7          30   70300030.0000000     
           7          31   70310031.0000000     
           7          32   70320032.0000000     
           8           1   80010001.0000000     
           8           2   80020002.0000000     
           8           3   80030003.0000000     
           8           4   80040004.0000000     
           8           5   80050005.0000000     
           8           6   80060006.0000000     
           8           7   80070007.0000000     
           8           8   80080008.0000000     
           8           9   80090009.0000000     
           8          10   80100010.0000000     
           8          11   80110011.0000000     
           8          12   80120012.0000000     
           8          13   80130013.0000000     
           8          14   80140014.0000000     
           8          15   80150015.0000000     
           8          16   80160016.0000000     
           8          17   80170017.0000000     
           8          18   80180018.0000000     
           8          19   80190019.0000000     
           8          20   80200020.0000000     
           8          21   80210021.0000000     
           8          22   80220022.0000000     
           8          23   80230023.0000000     
           8          24   80240024.0000000     
           8          25   80250025.0000000     
           8          26   80260026.0000000     
           8          27   80270027.0000000     
           8          28   80280028.0000000     
           8          29   80290029.0000000     
           8          30   80300030.0000000     
           8          31   80310031.0000000     
           8          32   80320032.0000000     
           9           1   90010001.0000000     
           9           2   90020002.0000000     
           9           3   90030003.0000000     
           9           4   90040004.0000000     
           9           5   90050005.0000000     
           9           6   90060006.0000000     
           9           7   90070007.0000000     
           9           8   90080008.0000000     
           9           9   90090009.0000000     
           9          10   90100010.0000000     
           9          11   90110011.0000000     
           9          12   90120012.0000000     
           9          13   90130013.0000000     
           9          14   90140014.0000000     
           9          15   90150015.0000000     
           9          16   90160016.0000000     
           9          17   90170017.0000000     
           9          18   90180018.0000000     
           9          19   90190019.0000000     
           9          20   90200020.0000000     
           9          21   90210021.0000000     
           9          22   90220022.0000000     
           9          23   90230023.0000000     
           9          24   90240024.0000000     
           9          25   90250025.0000000     
           9          26   90260026.0000000     
           9          27   90270027.0000000     
           9          28   90280028.0000000     
           9          29   90290029.0000000     
           9          30   90300030.0000000     
           9          31   90310031.0000000     
           9          32   90320032.0000000     
          10           1   100010001.000000     
          10           2   100020002.000000     
          10           3   100030003.000000     
          10           4   100040004.000000     
          10           5   100050005.000000     
          10           6   100060006.000000     
          10           7   100070007.000000     
          10           8   100080008.000000     
          10           9   100090009.000000     
          10          10   100100010.000000     
          10          11   100110011.000000     
          10          12   100120012.000000     
          10          13   100130013.000000     
          10          14   100140014.000000     
          10          15   100150015.000000     
          10          16   100160016.000000     
          10          17   100170017.000000     
          10          18   100180018.000000     
          10          19   100190019.000000     
          10          20   100200020.000000     
          10          21   100210021.000000     
          10          22   100220022.000000     
          10          23   100230023.000000     
          10          24   100240024.000000     
          10          25   100250025.000000     
          10          26   100260026.000000     
          10          27   100270027.000000     
          10          28   100280028.000000     
          10          29   100290029.000000     
          10          30   100300030.000000     
          10          31   100310031.000000     
          10          32   100320032.000000     
 
   DONE  
 
